00000000000000000000000
00000000000000000000000
00000000000000000000000
00000000000000000000000
00000000000000000000000
00000000000000000000000
00000000000000000000000
00000000000000000000000
00000000000000000000000
00000000000000000000000
00000000000000000000000
00000000000000000000000
00000000000000000000000
00000000000000000000000
00000000000000000000000
00000000000000000000000
00000000000000000000000
00000000000000000000000
00000000000000000000000
00000000000000000000000
00000000000000000000000
00000000000000000000000
00000000000000000000000
00000000000000000000000
00000000000000000000000
00000000000000000000000
00000000000000000000000
00000000000000000000000
00000000000000000000000
00000000000000000000000
00000000000000000000000
00000000000000000000000
00000000000000000000000
00000000000000000000000
00000000000000000000000
00000000000000000000000
00000000000000000000000
00000000000000000000000
00000000000000000000000
00000000000000000000000
00000000000000000000000
00000000000000000000000
00000000000000000000000
00000000000000000000000
00000000000000000000000
00000000000000000000000
00000000000000000000000
00000000000000000000000
00000000000000000000000
00000000000000000000000
00000000000000000000000
00000000000000000000000
00000000000000000000000
00000000000000000000000
00000000000000000000000
00000000000000000000000
00000000000000000000000
00000000000000000000000
00000000000000000000000
00000000000000000000000
00000000000000000000000
00000000000000000000000
00000000000000000000000
00000000000000000000000
00000000000000000000000
00000000000000000000000
00000000000000000000000
00000000000000000000000
00000000000000000000000
00000000000000000000000
00000000000000000000000
00000000000000000000000
00000000000000000000000
00000000000000000000000
00000000000000000000000
00000000000000000000000
00000000000000000000000
00000000000000000000000
00000000000000000000000
00000000000000000000000
00000000000000000000000
00000000000000000000000
00000000000000000000000
00000000000000000000000
00000000000000000000000
00000000000000000000000
00000000000000000000000
00000000000000000000000
00000000000000000000000
00000000000000000000000
00000000000000000000000
00000000000000000000000
00000000000000000000000
00000000000000000000000
00000000000000000000000
00000000000000000000000
00000000000000000000000
00000000000000000000000
00000000000000000000000
00000000000000000000000
00000000000000000000000
00000000000000000000000
00000000000000000000000
00000000000000000000000
00000000000000000000000
00000000000000000000000
00000000000000000000000
00000000000000000000000
00000000000000000000000
00000000000000000000000
00000000000000000000000
00000000000000000000000
00000000000000000000000
00000000000000000000000
00000000000000000000000
00000000000000000000000
00000000000000000000000
00000000000000000000000
00000000000000000000000
00000000000000000000000
00000000000000000000000
00000000000000000000000
00000000000000000000000
00000000000000000000000
00000000000000000000000
00000000000000000000000
00000000000000000000000
00000000000000000000000
00000000000000000000000
00000000000000000000000
00000000000000000000000
00000000000000000000000
00000000000000000000000
00000000000000000000000
00000000000000000000000
00000000000000000000000
00000000000000000000000
00000000000000000000000
00000000000000000000000
00000000000000000000000
00000000000000000000000
00000000000000000000000
00000000000000000000000
00000000000000000000000
00000000000000000000000
00000000000000000000000
00000000000000000000000
00000000000000000000000
11111110010101010011010
11111101000000000000010
00000000010101010101111
00000011000000000000001
00000010010011001011101
11111011101100110100011
11111110001000110101111
11111101001100100000101
11111100111010001110101
00000110111110011011111
00000011100101011101011
11111100100001110111101
11110101001000101000011
11111001100011010100111
00000001000001010010110
00000100010010110000100
00000010110001011101011
00000010010001101101001
00000111010100101101011
11111111001010110011101
11111101010011001101001
00000010101010111100101
11111000100100111110101
00000011111010001100001
00000000100011000100100
00001101001000101011110
00000011111101000000011
00000011000000101000011
11111110000101110101010
11110101010100101001010
00000110000000101010110
00000100100110001001110
11111010111011111011101
11111011100111111101011
00000011001100111000110
11111001010010000111010
11111110000101001011111
11111111001011000000111
00000110110100010110001
00000101100100011111001
00000111001100010010011
00000100011100110011101
11111011000111001100100
00001010011101111111000
11110100100011000111010
11111001100011111101010
00000100001011110001111
00001111110010111101001
11110111110000100010000
00000101111110110111000
00000011101011101001001
11111010000010110101111
00000111110010100110101
11111100011111100100011
11111000010101111101001
11111110010110000000111
00000100111100100000110
11111100000111101010110
00001001101101100000001
00000000111110100111111
11111000111111011011111
11110011110001101101111
00000110100100110111000
11101111110010111110110
00001001010101010010011
00000101010101010100011
00000111010101010100001
11111010000000000000001
11111001011110110011110
00000011110110100001010
11111101011010100000100
11111010100101100000100
00000101010100111101011
00000111001010000100011
11111001110011101000111
00000001101101010100111
00000110001111111001011
00000101111010011100101
00001001110100001110100
11111100101100000101000
11111110011111000100111
00000010010001001101101
00000110010111010111110
00000011001110010011110
00001110101010110111010
11111111011011100111010
00000100101010100100110
00000010111000111110110
11111010110000100111110
11111101110100111101000
00001001110100111100111
00000011001111011110111
00000001010000001111110
00000011001110001010000
11110110001101101010011
11111111101001111001011
11110111111000111111001
11111000001000101000011
11110110100001100101000
11111001100000101011100
00001110101110111011000
11111101101110000111100
11111101110111111100010
00000100111101110000010
00000010010001111010010
00000010001001110101100
11111101111110101001111
00001101001111101111011
11111111010000001001101
11111000100000010110101
00000001100000011001001
11111101000011101010101
00001001100111011110010
11110011110111110010000
11111110110001101100001
00000000111001011000001
00000000100010011001110
00000100000101110011010
00000000011100000010110
00000110111000000111110
11111101101011110010000
11111110101101010100000
00000000010010110010111
00000001000010001011001
11111111110011000101000
11111100000001111010000
00000000101110101011011
00000111010010010001101
11111101010101010011010
00000101010101010100010
11110111010101010101101
00000000101010101010111
00001000001111100001011
11111111110000011110101
00000010111010001100000
11111010011011001010000
11111100111101011100001
11110111110100100011111
11111001110001001100001
11111110110010001010011
00000001110000010011010
00000100001000010111110
11111100111101010000001
00000101001010000100011
00000110011010001010001
00000001001001100101101
11111011011111000000110
11111110011000101000100
00001010100100110110100
11111001110000000001000
11110110001010110010011
11110100000100111111001
11111010010001010101010
00000011101010011111110
00001000001011110101100
00000101111110011000100
00000000000000111111001
11110111110011010000011
11111011100011111011101
00000101110111000111111
00000100010110001011010
11111101011011011010110
11111101100011010101010
00000110010101100011110
11111011100101110110101
11111101101101011001111
00000101101010101101001
00000010010000110111011
00000011100100001101100
00001100101001110110100
00000101110011110001001
00000100011110100001111
00000010011010001101000
11110110110011010100000
11111100100100110110101
11111110001001010011011
11111011010101010001101
11110101001111010110101
00000110101110111101011
00000110110000001001111
00000000100110010110111
00001001111001101111101
11111100100101011111000
11111010001101010011000
00000111000010110000010
11111100001100001101010
00000101010000010010110
00001101011000000111010
00000010110000011001000
00000111110101101111010
11110110010001001110110
11111111001111111111100
00000001111111111101100
11110110000000000000100
00000011111111111111100
11111001010101010110000
11111111111010110100111
00000010101111110101101
11110110111110011111011
11111011101100001011101
11110111111110110111011
00000001000001110001101
00000110111010111110110
11111101011001101101110
11110100001100000000100
00000000100101111111100
11111101010100001000101
11111011001111001100111
11110001100111100110000
00000000110010100110010
11111101000100111111110
11111010110110110011000
11111011111101011111000
11111011101011101011100
11111010101100111011001
00000011010011111101011
00000110111001101100010
00000001001010110010000
00000000011101001010000
11111010010001101001010
00000110100111111000001
00001001010010111011011
00000101101100011010111
00000111100101011110001
11111011011011011111010
00000100110101100100010
00000000111010111001100
11111000000110010111000
00000000100110110100010
11111001011010111110110
00000011001100111100100
00000101000100001100100
00000011010010011111111
11111111001111100011011
00001000001001100111111
11111110010010010010111
00000100100010011101111
11111110110111110100001
00001101001000010110111
00000000001111011101001
00001000101011110110101
00000100010010011101001
00000011110100010110101
11110100111010110001101
11111100100110010000100
11111100111000011100010
00000010000010100101111
11111000100001010111011
00001000010010000000110
11111100010111100011000
11111001010110110110101
11110110010101001001101
11111100101101001010101
11111001101110101101011
11110101001100001001011
11111011100111101100101
00000000101010101001000
11111111010101010101100
11111010101010101011001
11111101010101010101111
11111111110000011110111
00001000001111100001101
11111100011000000111110
00001110010010100010010
11111110000000011011001
00000111101001100110011
11111101101110011101001
11111100100111100001111
00000100101101100100011
11111001000101000011111
00010000110010001101011
11111100000101110011111
11111100000100010100111
00000000100011110011101
00000011001010101001010
00000100110000100011010
00001000010011110010010
11111011110111010101000
11111001100101011011110
00000011000001011101000
11111100111001101100101
11111111000100000100001
00001110010101110111010
11111011110011101100000
11111111000100010101110
11111110100110111010010
00000010101101000001100
00001001100000011001100
11111001000101100001110
11111111111010001011100
11111101111100110111111
00000001110001110010111
00000110111010101110100
11111000010010111100010
11111010110101110110001
00000001111010000010001
00000100111110010011001
11111100001001110100001
00000000011111000111111
11111001001010110010011
11111110110101011100101
11111110000010111010111
00001101110001010000110
00000101111000011011010
11111101000010110110000
00000010101100000100010
00000010011010010000101
11111110010100010000001
00000100100101000100001
11110111011010010110111
11111001011001000100010
00000011010000110101110
00001010001101110011011
11110110000100010111011
00000101001110100011000
11110111110001100101110
00000011001001011101011
11111111001111010111001
11111110001011010010100
11110011101101100101100
11111010101010101000010
00001110101010101010100
00000000101010101010011
00000011010101010101011
11110100110100001001000
11111111001011111000010
11111000011011001001100
00000000111010001100110
00001010000011011010011
00001001101101111101001
11111111100011001111000
00001100101011011001100
11111101010100000010010
11111010000010100101000
00000100110010000001100
00001001001100101101010
00000001110100110000111
11111010111001100001101
00000001001001111111110
00000001010101101110010
00000101100000101010001
11111111001011101001011
11111100110010011010001
11111001111101111101111
11110001111101111011010
11110111111000000101110
11111010010011110101101
00000100011100000011111
00001010010000111111001
00000011000110011111001
00000111100000100100001
11111101001100101111001
11111010110101100000100
11111100111000100011110
00000100101110011111000
00001100001111000101110
00000101001100001101001
11111011010010010100111
11111111001101011100010
00001001110101110000110
11111101110010100100000
00000010011000111101100
00000100011010111110111
00000010111010000111001
00000000100010101001110
11110110100111011110110
00001000001000110011010
11111100010100011000110
11111101100111111000101
11111010110000000010101
11111110001000111100101
00000100000001001000001
11111111010011101011111
00000111001000000010111
11111110001101010110011
11111101101100111110111
11110010100101010011101
11111101111111000010011
00000011101101111111111
11111110000110101011101
11110101101110010000100
00000001110110100110110
00000000100111100100111
00000011001101001010011
11110111010101010011101
00000111010101010101001
00001001010101010101010
11111010101010101010100
11111010111110100000000
11111111101100001011100
11111100010011110100000
00000001000001100001000
00000001010000001100010
11111000111011011100010
00000001101011111110100
00001001011101101111000
00000100011101010001011
00000101010001000011101
00001000100001100000011
00000011000101011111101
11111001111011110011010
11111111101101011010110
00000100100010100111100
00000000100100111000100
11110010111001001110001
11111111101010011000101
11110111101111101010111
00000001100110101100011
00000111110111101001011
00001101100010100001001
00000011101000101111111
00001010001000100011101
00000000101010100000111
00000100000110001110111
11110011000100101011100
11111010010100011110110
00000010101110101110000
11111101001001110000010
00000000001100000000001
00000011010101111100001
00000101010011010000100
11111101010011101001100
11111100010010000110101
00000011101011010011111
11111100110100011011101
11111111010111001001101
11111010011111000010100
11111011000100000011010
11111111011001000011111
11111000110000101010101
00000101110101100111011
11111111101000101000001
11110001001111000010000
11111110100010111110010
11110111111101100100001
00001100011011101010101
00001001111001110001010
00001010101010010100010
11111100110001010001000
11110100100000101011100
11111111110111001000010
00001000011010010101100
11110101100100101000110
00000011111011101010100
11111101001011111010011
00001001010011001100011
00001000010100001011100
00000000000100010011110
11111011111111111110010
11111110101010101010100
00000001111111111111110
11111110000000000000000
11111001110111110010111
00000110001000001100011
11111111000100100010111
11110000111011011110011
11110100101110100000010
11111011101110110010010
00000110111111101001111
11111000100011000011001
00000011011110010101101
00000010111101101011001
11111110110101001111100
00000000000100000101010
00000111110100001000100
00000001001011010110010
00000010101111001111111
11111010101101010010011
11111111110001001111010
11110001101111011110100
00001001100010100100111
00000011110110000001011
11111001101001100111111
00001001011001101000001
11111101001111010001010
00000001101110110000010
00000110001001101011010
00000001001111101010010
00000111110010011010110
00001001011101100111010
11111111110111100000111
11111001101000001110011
00000110001101010000011
00000100000110110111011
11111110111110111100010
11111110010011011101100
11111101111010001000111
11110110100110000111011
00001100110101111100010
00000011000000110101000
11111110111111001010100
00001110001010111000110
11111110011011000001011
00001011000011001110101
00000101111011100111000
11111101111110110001100
00000010000110001100100
11111110010100000010000
11111110111000000100101
11111011100000011011011
00001100100101001100001
00000110001100111000001
00001001101000010011101
00000100000110111100101
11111111110110000011110
11111110001111010000110
00000100101110000100011
00000011010001011010101
00000101111101000110000
11111110111011011101110
11111011000101011011011
11111110101001001000011
11111001010101010100000
11110101010101010110010
00000100101010101011010
00000010000000000000000
00000111001011110111011
11111100110100001001001
00000001111010110101101
00000100101111110101011
11111000100100011101000
00000001010100001110110
00000001111010111000001
11110100001100011101101
00000101110110001111001
00000010001001110000001
00000100110000111110110
00000011001111000001100
11111101110101101000010
11111110001011110110010
00001001001011100001011
11111011010000010011101
11111110000111110000001
00001001111100101111011
00000010110000011011010
00000100101101110010110
00000011011111111100000
11111111011100001101010
11111011011011110101100
00001011110101011000110
11111010110001011111001
11111101100100000001111
00000011011001110100011
11111111011000101000001
11111110110001111011101
11111010110111011101111
11111001001010110110000
11110111100001011000100
00000001000000100101101
00001101001011000100001
00000000110111110101010
11110101111101100010000
00000111010111101110001
11111111100011011001011
11111001111101110000101
00000100101111010111111
11111010000110110110100
00000001101111000101100
11111110000101000000010
00000110011011100010110
00000100000110010010100
00000110000000110100000
00000000100110001111001
00000100100100010101011
11111101010010010110010
00000010111111000111010
11110010101100110110011
11110111110001010010001
00000000111111110000011
00000111100100001001001
00000001001010001000010
00000011010010001010110
00000011110011110000101
00000010100000000011011
00000000000101111001110
11111101001111011100110
11110111111111111110000
11111001010101010101100
11111111010101010101110
11111100101010101010010
11111001011110110011100
00000011110110100001110
00000001011010100000110
11111110100101011111100
11111110111110100011100
00000000101000011101000
00000010000101110101001
11111011101000100000111
11111101001000111101101
11111100000010000010101
11111010100101111010011
00000100001111000101111
00000101101010111011001
00000001100110011101101
11111011101001000000001
00000000110110111101001
11111001110101100001110
11101010111101001011000
00000110110111111011001
00010000100100000000001
00000001110101111110001
11111111011111000001011
00000010110100101000011
11110110100001000011001
11111100100101100111100
11111110000100100001010
11111010101001101110100
00000101010110110011110
11111011010111001011110
11111010000000011001100
00000001011000110001111
11111110101100100110011
11111110100010100111011
11111110110110111110011
00000010100111111011000
11111000010100001001110
00000000100101110010001
11111011111001000101001
00000001011111110111011
00000011111100010010111
00000000011100100010011
11111001110101111111111
11111000000010011101111
00001000101000000010011
11111101100101000101100
00001001111100110011010
00001110011000010000010
00000111100110010010000
11111011010101010001001
00001000100110111101001
00000010110101001000010
00000000001000111011100
11111011110100001111010
00000110111110110101000
00001011110100100001100
11111100000100100110010
00000010010001101111011
11111111011110001100001
11111011001010111010111
11111110101000111000101
11111100101010101001000
11111011010101010110000
11111001010101010101111
00001001010101010100101
00000000101111110110000
11111101111010110101000
00001100001000001100101
11111111110111110010111
11111011011010101000110
00000011010100010100000
00000110111000011010000
00000101000011010011010
11111111101011111010111
00000010010111000111011
11111010010100000000110
11111110010011101001000
00000011110110000100110
11111100011000011011010
00000011111101101111011
11111000111100111111101
00000011011001011011010
00000111100100101000110
00000100000010010110111
00010011110110010111001
00000010100000111110010
11111100111111011101000
11111000101100100001110
11111101001000011010000
11111101111000111000011
00000101111111111010001
11110011010110111000101
11111110000101101010111
11111110110011101110111
00000001010100000100011
00000111111110101010100
11111101101100111100010
00000011101011000110110
00001110101010111001110
11111010111001110011110
00000000101110000101110
00000000101100100111110
11111001100100101010100
00000000001000110001111
00000001110110100011111
00001011001101001010011
11111101111000000110111
00000000011110001111101
00000110011010100001001
00000111001001110111011
11110100101111100111111
00000110100110100100110
11111000001110101101100
11111001101100001100000
11111100100010011000100
11111000110010001000000
00001010000001111001000
00000101010110100110011
11111111000010110010111
00000011001001011110010
11111010011101110010000
00000001010101100011000
11110100000011001010000
11111000011001100100101
11111100011011101111111
11111000101010101000110
11111101111111111111110
00000000101010101001101
00000110000000000000011
00001000000000000000101
00000111111111111110111
11111000001110101001011
11111111110001010110101
00000100111000010100011
00000001011001010101101
00000010111010101100001
00000001011110010100011
00000100110101011010010
00000010100010111100110
00000110101010101001001
11110111010010010101011
11111100011001010101110
00000100010101011110100
00000011000111111100110
11111110000001111010000
00000000100001111010111
00000001100000000100101
00000101010000111110100
11110110110100011000000
00000000001001100100100
00000101000001001011100
00001011111011010111101
11111011011101001100111
00001000001001010101101
00000101111000110101101
11110110110111101000010
00000011111000001101000
00000010110101011000100
00000110100110101010010
00000011001100110001000
11111110000011100000110
11111010111000011000100
00000001000011111101100
11110011111000001001110
00000011111011001111110
00000100100000011101111
11111011001110000001011
11111101110101111100111
00000100101010111110111
11111110110101010101010
11111000011111010100100
11111111011100001001110
11111101111001000101100
00000011011101011111111
00000100100111101011011
00000011100011101100101
11111011111000010101101
11110001110100101101101
00001000101001011011001
11110111111000011101000
11111101000001100011110
11111000111000011111011
11111001000011111010001
00000010111010111100011
11111011001001100100001
00000011000000111101001
00001010100001000001001
00000110000111111101011
11111010110001001011011
11111011010101010011101
00000011010101010101101
11110101010101010101101
00001001010101010101101
00000010100101011110111
00000101011010100000011
11111100011000000111101
00001110010010100010101
00000011111000000111010
11111101010010110111110
11111111001010100010001
00000111101010011110111
11111110100010011010001
11111011101111010010001
00000011010001001110111
11110101000111110000111
11111110101000111000010
11111011000011111011100
11111100111011010101001
11111000010001001100101
11111000010110000001001
00000100110101000001011
11111110110101011110111
11111010011011100000001
11111001110111100010111
11111100110001000001101
11111000011110110110000
00000010111001110111100
11111001010110110111011
00000010110001000010001
00001000011010001010100
00000100000111010101000
00000101001010000000010
11111111111100100100100
00000000110101010010111
11111011000100100111111
00000010001111110110110
00000100111010011110100
00001001111001110001011
00001101000000110100111
11111000101000000010111
11111101101010001011001
11111000110110001011011
00000011001001000111101
00000100110001100001001
00000100101101010001101
00000000000001010011010
00000101001001000000000
11110110010111110011110
00000000001110001100100
00000011010111111101001
11110001110001101101001
00000011011100000100111
00000010001100001010101
11111110011100001110010
00000110011011110100110
11111011001011100011110
00000010111101110010110
00001011101111011110000
00000010100111000001000
11111001001100110011110
00000110110100111101000
00000100100110000010111
00000011010011000011111
11111111111111111101101
00000111111111111111101
00000100101010101010000
00000011010101010101010
00000001000001100000000
11111100010011110100000
00000001110011011111110
00000000110111001010110
11111011011101010010101
00000000110001010111001
11111101001101101001111
00000110100011101100111
11111011010110101000000
11111111110001010100100
00000011011101111101010
00000110101111011010110
00000111110111101110011
00000100101101000100011
00000101100111000110011
11111101010110110011011
00000010101101111011110
00000101100111111010010
11111101100101110000011
11111010100001101100001
00000010010110010010010
11111100101100101000100
00001100100011110001101
00000110110010110010001
11110100011110010100101
11111010011100110111011
11111000110111011010011
11110101110011111100001
00000110011011110001111
11111000110011011011001
11111000111000110011100
00000110001001001111100
00000111010001111101001
11111011001010011010011
11110000111110000011111
00000110110001100110101
00000010100001000110101
11111011110000100111011
00000010110110100011110
00000111100100011010010
11111001101100100000101
00000000100010010000011
00000110101000010000110
11111101111110111110010
00000001000110010011011
00000100001001110000111
00000001001101011101101
00000011101000011001101
11111000110111100111101
00000001000000011010001
11111110001001100101011
00000100001000011000011
00001101101011011111000
00000001100000010101000
00000011000011011000001
11111101000101011100111
00000001110010101100011
00000001111011100011011
00001101110010101111000
00000011100101000111010
00000110101010101000100
00000110101010101010010
00001001010101010101100
00000110101010101010010
00000000011000111111001
00000010010001101010111
00000001101110010101001
00000011100111000000011
11111111011111011001111
11111100100110101010111
11110001001000101010011
11111000000110101000011
00000010000101101010000
00000111000001000001100
11111111110000101011101
00000001110011010011011
00001011101011111100111
11111000010110100110101
00000111110000101011101
00000110101110110101011
00000000011110101111100
11111001011011000000110
00000001100001111110111
11111100101100111000011
11111010111100001001010
11111101011000010111110
11111110111011111000010
11111001111110111011010
11111010011001100100010
00001011110110101000010
00000001100010110111100
11111100010010111111100
11111000111000110010010
11111100001010000001100
11111111010000001000001
00001011000001111110001
11111001100010010010100
11111011101100011001100
11111000100110011110101
00000100011001111010011
00000010000000111100000
11111111110101110101110
00000100101000100011110
11111110111001011010000
11111010100001100000000
11111100110010001001000
00000000011010000100000
11111100000000010000100
00000010001001111111100
11111011001101100001010
00000101000001001011101
00000011001111010001001
00000100010101111010101
00000100100100010010011
11111001100000001101010
11110111010100001111010
11111010010111001110000
00000101001110100100110
00001100011100111111110
11111110100001100001000
00000100101010100101111
00000111100000000111011
11111110001111010111000
00000001000000010101010
11111111010101010011011
00000111010101010101101
00000100000000000000001
11111010101010101010111
11110110101001110011001
00000110101011100011001
00000011000100100010010
11110100111011011101100
11111111111010100111100
00000111101100010111100
11111110101100110011111
00000111000001100010001
00000101101111011001000
00001001101111000001010
11111010111011101110110
11111000010000100010000
11111000000001001001000
00010010101001101111010
11111110110000111001001
11111010101010010000101
11110111000001000000101
11111110000010000010101
11111101001100110110011
11111110111111011001011
00000101101001110011100
00001000110001100101010
00000101010010100110111
00000111010001010110111
00001001101001100001000
00000010111001111100100
00000000000111000011001
00000011000000110001111
00000011010010011110000
11111110011111001110100
00000001011100101111000
00000001111010011101100
11111011100111011100110
11111100000010011110010
11111010001100111101111
00000010000110111011001
00000111000011001001010
00000110100100100110110
11111000100011101000111
00000000010111010110101
11111001001100010011011
11110110000001000000011
11111010111101010001110
00000000110110101100000
11111100100011100110010
00000001010110110001100
00000101100111101011111
11111001010000000011011
00001100010100110001111
11111101001111010101111
00000100001001101011010
11111001010001011100000
00001100001001101000011
00000010001100001000101
00000000001001100100101
11111011111100011000111
11111100110000111100011
11111010000110100111011
00000101011110110111010
11110101011100100010100
00000000101010101000011
11111010000000000000001
11111011111111111111110
00000001010101010101110
00000000100101011111101
00000011011010011111011
00000001110110100010000
11110111011110110100000
11111111111110011010010
00000000001011111011000
11111110101111010101001
11111011110000111111101
11111011010101111100101
11111111001010010111111
11111010001111010001100
00000101111011000101000
00000000111101010101110
11111111000111000110000
11111110101010111000101
00000100101101010101101
11111101010001100000111
00001100110010110011001
11111110011001010101100
11111110110000010110100
00000110010010001100011
00000010110000110100001
11111001001111000111110
00000100111011111000010
00000000001111000001000
00000010010011000110100
00000101000011101111111
11111011110110110010001
00001100111010011110110
00000001111111001010000
00000001110011111011000
11110111010011100001010
00000011010101011110101
11111110111011000110101
11111100001010001010011
11111110111001100000011
11110101011010100100010
11111100001100011010100
00000001011100100111001
00000111100111110000101
00000100000001010001100
00001000101011100011010
11111110110011101001111
11111111001001011101111
00001001000100001010011
11111010010011010100111
00000000100001001110001
11111111011010101101101
00000110001011000101101
11111110111000110010001
00001100010101000010010
00000101111110010100000
11111111110100010011110
00001010101111110001010
00001100110111101111111
00000000001011010000101
11111110001000001101011
00000101101000110110001
00000010001100001010101
11111101000110010111011
11111100101010101000001
00000000101010101010011
11111110000000000000010
11110100101010101011010
11111111101110010101101
00000001100111000000101
00001100001101010111000
11111101000111111101110
11111101010010000010000
00000000110001000000000
11111001100101101001010
11111011000010000000110
00000101010011110011110
00000111001011001110000
11111001000010101000100
