0000000000001000
1111111111110011
0000000000000001
1111111111111101
0000000000001001
0000000000000111
1111111111111101
0000000000000000
1111111111111101
0000000000000000
1111111111111111
1111111111111001
1111111111111010
0000000000000011
0000000000001000
1111111111111100
0000000000010000
1111111111111101
0000000000001101
0000000000001000
1111111111101100
0000000000000010
0000000000000011
1111111111111111
1111111111111111
1111111111111001
1111111111110101
0000000000000101
1111111111110111
1111111111111000
0000000000001100
0000000000000000
0000000000000000
0000000000001010
1111111111111110
0000000000000101
0000000000000101
0000000000001010
0000000000000101
0000000000001000
0000000000000111
0000000000001100
0000000000000011
0000000000000010
0000000000000000
0000000000000110
1111111111111100
0000000000001110
1111111111111100
1111111111111101
1111111111111101
1111111111111110
0000000000000101
0000000000000100
1111111111111111
1111111111110011
0000000000000110
0000000000000101
1111111111111100
1111111111110110
0000000000000010
1111111111111010
0000000000000010
1111111111111100
0000000000001010
0000000000000111
0000000000001010
0000000000001100
1111111111111100
0000000000000100
0000000000000011
0000000000000011
0000000000000010
1111111111110111
0000000000001001
1111111111111011
0000000000000001
0000000000000100
1111111111111111
0000000000000111
0000000000000001
0000000000000000
0000000000000101
0000000000000001
1111111111111110
0000000000010000
1111111111111110
0000000000000101
0000000000001010
0000000000000001
1111111111111000
0000000000000011
0000000000000011
1111111111111011
0000000000000001
0000000000000011
1111111111111100
0000000000000110
0000000000001011
0000000000001001
0000000000000100
0000000000000000
0000000000000011
0000000000000100
1111111111111011
0000000000001010
0000000000000000
1111111111111010
0000000000000110
0000000000000101
0000000000001100
0000000000001000
0000000000000101
1111111111111010
1111111111110110
0000000000001000
1111111111111111
1111111111111100
1111111111110000
0000000000000000
1111111111110001
0000000000010101
1111111111111110
0000000000001001
0000000000000111
0000000000000101
0000000000001000
1111111111111101
0000000000000110
0000000000000001
1111111111110011
0000000000000101
1111111111111010
0000000000000101
0000000000000001
1111111111111101
1111111111111111
1111111111111101
0000000000000000
0000000000000001
1111111111111011
0000000000001000
1111111111110111
0000000000000100
0000000000000000
1111111111111011
0000000000000011
0000000000000011
0111111111100000
0111111111111111
0111111111111111
1000000000000000
0111111111111111
1000000000000000
1000000000000000
1000000000000000
1000000000000000
1000011111101101
1000000000000000
1101100111010110
1101001100011001
0111111111111111
1000000000000000
0111101001000010
1000000000000000
1000000000000000
0111111111111111
0111111111111111
0111111111111111
0111111111111111
0111111111111111
1000000000000000
0111111111111111
0111111111111111
0111111111111111
0111111111111111
1000000000000000
0111111111111111
1000000000000000
0111111111111111
0111111111111111
1000000000000000
1000000000000000
1000000000000000
1000000000000000
1001011010101001
0111111111111111
1000000000000000
1000000000000000
0111111111111111
1000000000000000
0111111111111111
1000000000000000
0101010100000110
0111111111111111
1000000000000000
0010011100101100
0111111111111111
1000000000000000
0111111111111111
1000000000000000
0111111111111111
0111111111111111
1000000000000000
1000000000000000
0111111111111111
0111111111111111
0101110001100100
1000000000000000
0100000001001001
1000000000000000
1000000000000000
1000000000000000
1000000000000000
0111111111111111
1000000000000000
1000000000000000
0111111111111111
1000000000000000
0111111111111111
0111111111111111
0111111111111111
1000000000000000
0111111111111111
0101100100011000
1000000000000000
1000000000000000
0111111111111111
1000000000000000
1000000000000000
1000000000000000
0111111111111111
0111111111111111
0111111111111111
0010001010100101
0111111111111111
1011000110111110
0111111111111111
0000111010000011
1000000000000000
1000000000000000
1000000000000000
0111111111111111
1000000000000000
1000000000000000
1000000000000000
0111111111111111
1000000000000000
0111111111111111
1000000000000000
1000000000000000
1000000000000000
1000000000000000
1000000000000000
1000000000000000
0111111111111111
0111111111111111
1000000000000000
1000000000000000
1000000000000000
1000000000000000
0111111111111111
1000000000000000
0111111111111111
1010101111010111
1000000000000000
0111111111111111
1000000000000000
1000000000000000
0111111111111111
0111111111111111
0111111111111111
0111111111111111
0111111111111111
1000000000000000
1000000000000000
0111111111111111
0111111111111111
1000000000000000
0111111111111111
1000000000000000
0111111111111111
0111111111111111
1000000000000000
0111111111111111
1000000000000000
0000001111111000
1000000000000000
1000000000000000
1000000000000000
1000000000000000
0111111111111111
0111111111111111
1000000000000000
1000000000000000
1000000000000000
1000000000000000
0111111111111111
1000000000000000
1000000000000000
0010111111101011
0001000110100001
1000000000000000
1000000000000000
0000101010110000
0111111111111111
1000000000000000
0111111111111111
1000000000000000
1011101111000100
0111111111111111
1000000000000000
1000000000000000
1100010101010010
0111111111111111
1000000000000000
0111111111111111
0111111111111111
0111111111111111
1000000000000000
1000000000000000
1000000000000000
1100100110111000
1000000000000000
0111111111111111
0111111111111111
1000000000000000
0111111111111111
1001011010011101
1000000000000000
0111111111111111
0111111111111111
0111111111111111
0111111111111111
1000000000000000
0111111111111111
0011000010001100
0111111111111111
1000000000000000
0111111111111111
1000000000000000
0111111111111111
0101010101001100
0111111111111111
1000000000000000
0000101001010110
1000000000000000
0111111111111111
1000000000000000
1000000000000000
1000000000000000
1000000000000000
1000000000000000
0111111111111111
0111111111111111
0111111111111111
0111111111111111
1000000000000000
0111111111111111
1000000000000000
0111111111111111
0111111111111111
1000000000000000
0111111111111111
1000000000000000
1000000000000000
0010000010100100
0001101100011001
0111111111111111
1000000000000000
0111111111111111
1111011100101101
1000000000000000
0111111111111111
1000000000000000
1000000000000000
1001110100111101
0111111111111111
1000000000000000
0111111111111111
0111111111111111
0111111111111111
1000000000000000
0111111111111111
0111111111111111
0111111111111111
1000000000000000
1000000000000000
1000000000000000
0111111111111111
1000000000000000
1000000000000000
1000000000000000
0110010001100000
1000000000000000
0111111111111111
1011000011111111
1000000000000000
0111111111111111
0111111111111111
1000000000000000
0111111111111111
1000000000000000
1000000000000000
1111111111011011
1000000000000000
1000000000000000
1010101010101101
1000000000000000
1000000000000000
0111111111111111
1111010110100010
0111111111111111
0111111111111111
0111111111111111
1110100000100110
0111111111111111
0111111111111111
0111111111111111
0011101010011100
1000000000000000
1000000000000000
1000000000000000
0111111111111111
0111111111111111
0111111111111111
1000000000000000
0111111111111111
0011100101010111
0111111111111111
1000000000000000
0111111111111111
1011110100001001
0111111111111111
1000000000000000
1000000000000000
0111111111111111
0111111111111111
1000000000000000
0111111111111111
0111111111111111
0111111111111111
1000000000000000
0111111111111111
0111111111111111
0111111111111111
0001010101010010
0111001000010011
0111111111111111
1000000000000000
0111111111111111
1000000000000000
0100111100000010
0111111111111111
1000000000000000
0111111111111111
0111111111111111
0111111111111111
1000000000000000
0110011000000100
1000000000000000
0111111111111111
0111111111111111
0111111111111111
1101010110111110
0111111111111111
1000000000000000
1101100010111110
0111111111111111
0111111111111111
0111111111111111
1000000000000000
1000000000000000
1000000000000000
0111111111111111
1010000001001001
0111111111111111
1001011111100011
0111111111111111
1000000000000000
1011001110101110
1011111011011111
0111111111111111
1101000010000001
1000000000000000
1011111001100101
0111111111111111
1000000000000000
1000000000000000
0111101001101001
1000000000000000
1000000000000000
1000000000000000
1000000000000000
1000000000000000
0111111111111111
0111111111111111
0111111111111111
0111111111111111
1000000000000000
0111111111111111
0111111111111111
1000000000000000
0111111111111111
0111111111111111
0111111111111111
0001101100001100
0111111111111111
1000111011110011
1000000000000000
0111111111111111
1000000000000000
1000000000000000
1001000001001011
0111111111111111
0111111111111111
1000000000000000
1000000000000000
0111111111111111
0111111111111111
1000000000000000
0111111111111111
1101010010100110
0111111111111111
1011111110101011
1000000000000000
1001100011110001
1000000000000000
1000000000000000
1000000000000000
0111111111111111
0111111111111111
0111111111111111
0111111111111111
1000000000000000
0111111111111111
1000000000000000
0111111111111111
1000000000000000
0111111111111111
1000000000000000
0011111010001101
0111111111111111
1000000000000000
0111111111111111
0111111111111111
0111111111111111
0111111111111111
0111111111111111
0111111111111111
0010111010011100
1000000000000000
0111111111111111
1000000000000000
0111111111111111
0111111111111111
1000000000000000
1000000000000000
1000000000000000
1000000000000000
1000000000000000
0111111111111111
1011000000001010
0100001000001101
0111000001110001
1000000000000000
0111111111111111
0111111111111111
0111111111111111
0111111111111111
0111111111111111
1000000000000000
1000000000000000
0111111111111111
1000000000000000
0111111111111111
0111111111111111
0111111111111111
1000000000000000
0111111111111111
1000000000000000
0001100110111010
0111111111111111
1000000000000000
1110111000001110
1001100100100101
1000000000000000
0111111111111111
1000000000000000
1000000000000000
1000000000000000
1000000000000000
1000000000000000
0111111111111111
0111111111111111
0111111111111111
1000000000000000
0111111111111111
1010101010101010
1000000000000000
0111111111111111
1000000000000000
1110011011111101
1000000000000000
0000110100110011
1010110000101110
1000000000000000
0111111111111111
0111111111111111
1110100100011011
0111111111111111
0111111111111111
1000000000000000
0111111111111111
0111111111111111
0111111111111111
1000000000000000
0111111111111111
1000000000000000
0111111111111111
0111111111111111
1000000000000000
0111111111111111
1000000000000000
0111111111111111
0111111111111111
1000000000000000
0111111111111111
1000000000000000
0111111111111111
0111111111111111
0111111111111111
0111111111111111
1000000000000000
0111111111111111
0111111111111111
0111111111111111
1000000000000000
1110000110000110
1100001010100011
0110001011100010
0111111111111111
1000000000000000
0111111111111111
0100100111100010
1000000000000000
1000000000000000
0111111111111111
1011100110010010
1000000000000000
0111111111111111
0111111111111111
1000000000000000
0111111111111111
1000000000000000
0111111111111111
0111111111111111
0111111111111111
0111111111111111
1000000000000000
0111111111111111
1000000000000000
0111111111111111
0111111111111111
0111111111111111
1010111011110100
0110111001001110
0111111111111111
0111111111111111
0111111111111111
1000000000000000
1000000000000000
1000000000000000
0111111111111111
0111111111111111
1000000000000000
1000000000000000
1101000100000001
0111111111111111
1000000000000000
1000000000000000
0111111111111111
0111111111111111
1000000000000000
1000000000000000
1000000000000000
0111111111111111
1000000000000000
0111111111111111
1000000000000000
0001011100011100
0010110111011000
1001100110000101
0111111111111111
1000000000000000
1000000000000000
1000000000000000
0111111111111111
0101001000010001
0111011010101000
1000000000000000
0111111111111111
0111111111111111
1000000000000000
1000000000000000
1001101110000101
1000000000000000
1000000000000000
0111111111111111
0111111111111111
1000000000000000
0101000011000100
1000000000000000
0111111111111111
1000000000000000
0111111111111111
0100110100010111
1000000000000000
1000000100010000
0111111111111111
1001000110110110
0111111111111111
0111111111111111
1111100001101011
0101010101000001
0111111111111111
1000000000000000
1000000000000000
0111111111111111
0111111111111111
0111111111111111
1000000000000000
1000000000000000
1000000000000000
1000000000000000
1000000000000000
0111111111111111
1010111100110011
1000000000000000
0111111111111111
1000000000000000
1000000000000000
0111111111111111
1000000000000000
0111111111111111
1100011010010011
1000000000000000
1000000000000000
1000000000000000
0111111111111111
1000000000000000
0111111111111111
0111111111111111
1000000000000000
0111111111111111
1000000000000000
1000000000000000
0111111111111111
0111111111111111
1000000000000000
0111111111111111
0111111111111111
0111111111111111
1000000000000000
0111111111111111
1000000000000000
0111111111111111
1000000000000000
0111111111111111
0111111111111111
1000000000000000
1000000000000000
0111111111111111
0111111111111111
0111111111111111
0111111111111111
1000000000000000
1000000000000000
0101011000010110
1000000000000000
1101010001000001
0111111111111111
1000000000000000
1000000000000000
1000000000000000
1000000000000000
1000000000000000
0111111111111111
0111111111111111
1000000000000000
1000000000000000
1000000000000000
1111010110110010
0111111111111111
1000000000000000
1000000000000000
0010010011011101
0111111111111111
1000000000000000
1100011111111100
1000000000000000
1000000000000000
1110100011100010
0111111111111111
1010110011010100
1000000000000000
1000000000000000
0111111111111111
1000000000000000
1000000000000000
0111111111111111
0111111111111111
1000000000000000
0111111111111111
1000000000000000
1000000000000000
0111111111111111
1000000000000000
0111111111111111
1000000000000000
1111001010101011
1000000000000000
0111111111111111
0100100101010111
0111111111111111
0111111111111111
0111111111111111
0111111111111111
1000000000000000
0111111111111111
1000000000000000
1000000000000000
1000000000000000
1000000000000000
0111111111111111
1000000000000000
1111010001011001
0111111111111111
0111111111111111
1000000000000000
1000000000000000
1000000000000000
0111111111111111
1000000000000000
1000000000000000
1000000000000000
0111111111111111
1000000000000000
1000000000000000
1000000000000000
1000000000000000
0111111111111111
0111111111111111
0111111111111111
1000000000000000
0101010101100000
1000111111100100
0111111111111111
1000000000000000
1000000000000000
0111111111111111
1000000000000000
1000000000000000
1000000000000000
0111111111111111
0111111111111111
1000000000000000
0111111111111111
1000000000000000
1000000000000000
1000000000000000
0111111111111111
1000000000000000
1000000000000000
1000000000000000
1000000000000000
0111111111111111
1000000000000000
0111111111111111
1000000000000000
1000000000000000
1000000000000000
1000000000000000
0111111111111111
1000000000000000
1000000000000000
0111111111111111
1000000000000000
1000000000000000
0111111111111111
1000000000000000
0111010001110001
1000000000000000
0111111111111111
1000000000000000
1000000000000000
0111111111111111
1000000000000000
0111111111111111
0111111111111111
0111111111111111
1001110000110001
0111111111111111
0111111111111111
0111111111111111
1000000000000000
1000000000000000
0111111111111111
0111111111111111
0111111111111111
0111111111111111
0111111111111111
0111111111111111
1000000000000000
1000000000000000
0111111111111111
0111111111111111
0111111111111111
0111111111111111
1000000000000000
0111111111111111
1000000000000000
0111111111111111
1000000000000000
1000000000000000
1000000000000000
0111111111111111
1000000000000000
0111111111111111
1000000000000000
0000011101000000
0111111111111111
1000000000000000
0111111111111111
1000000000000000
0111111111111111
1000000000000000
1000000000000000
0111111111111111
0000010100011100
0111111111111111
1000000000000000
0111111111111111
0111111111111111
0111111111111111
0111111111111111
1000000000000000
1000000000000000
1000000000000000
0111111111111111
0111111111111111
0111111111111111
0111111111111111
0111111111111111
1000000000000000
0111111111111111
1000000000000000
1000110100010101
0100011101100011
0111111111111111
1000000000000000
0111111111111111
0111111111111111
1000000000000000
0111111111111111
0111111111111111
1011111000100100
1000000000000000
0111111111111111
1000000000000000
1111110100000001
1000000000000000
1110101100001110
0100000001001011
0111111111111111
1000000000000000
0111111111111111
0111111111111111
0111111111111111
1000000000000000
1000000000000000
1000000000000000
1000000000000000
0111111111111111
0111010001101011
1000000000000000
1000000000000000
0111111111111111
1000000000000000
0111111111111111
1000000000000000
0111111111111111
1000000000000000
1000000000000000
0111111111111111
1000000000000000
0111111111111111
0111111111111111
0111111111111111
1000000000000000
0111111111111111
1000000000000000
0111111111111111
1000101110000111
0010010100100110
1000000000000000
0111111111111111
1000000000000000
1000000000000000
1000000000000000
1010000010011001
0111111111111111
1000000000000000
0111111111111111
0111111111111111
1000000000000000
1000000000000000
0111111111111111
1000000000000000
0111111111111111
0111111111111111
0100000110010111
0111111111111111
0010001110000100
0111111111111111
0111111111111111
0011001001100000
1000000000000000
0111111111111111
0111111111111111
0011000000010110
1000000000000000
1000000000000000
1000000000000000
1000000000000000
1000000000000000
1000000000000000
0111111111111111
1000000000000000
1000000000000000
1000000000000000
0111111111111111
0111111111111111
1110111101010111
0111111111111111
0111111111111111
0111111111111111
0111111111111111
0111111111111111
1101110010101100
0111111111111111
1000000000000000
1000000000000000
0111111111111111
1000000000000000
1000000000000000
1000000000000000
1000000000000000
0111111111111111
0111111111111111
0111111111111111
1000000000000000
1000000000000000
1000000000000000
0111111111111111
1111001100011010
0111111111111111
1000000000000000
0111111111111111
1000000000000000
1010010010010001
1000000000000000
1000000000000000
0111111111111111
0111111111111111
1000000000000000
0111111111111111
0111111111111111
0111111111111111
0001010101101111
1000000000000000
0111111111111111
0111111111111111
1000000000000000
0101111111001010
0111111111111111
1000000000000000
1000000000000000
0111111111111111
1000000000000000
1000000000000000
0111101100010000
0111111111111111
1000000000000000
1010101110010001
0111111111111111
1000000000000000
1000000000000000
0111111111111111
1000000000000000
1000000000000000
1000000000000000
0111111111111111
1000000000000000
0111111111111111
1000000000000000
1000000000000000
0111111111111111
1000000000000000
1000000000000000
1000000000000000
1000000000000000
0111111111111111
0001100011110101
0111111111111111
1000000000000000
1000000000000000
1000000000000000
0111111111111111
0111111111111111
1000000000000000
0111111111111111
1000000000000000
0111111111111111
0111111111111111
0111111111111111
0111111111111111
1000000000000000
0111111111111111
1000000000000000
1000000000000000
1000000000000000
0111111111111111
0111111111111111
1000000000000000
0111111111111111
1101101010111010
0111111111111111
0111111111111111
1000000000000000
0111111111111111
0111111111111111
1000000000000000
0111111111111111
0111111111111111
0000110110110100
0011000011111010
1101000111111000
0111111111111111
0111111111111111
0111111111111111
0111111111111111
0111111111111111
1000000000000000
1000000000000000
1000000000000000
1000000000000000
0111111111111111
1000000000000000
0111111111111111
0111111111111111
1000000000000000
1000000000000000
1000000000000000
1000000000000000
0111111111111111
1000000000000000
0100011101011001
0111111111111111
1000000000000000
1001010011000110
0111111111111111
0111111111111111
0101010101001111
1000000000000000
1000000000000000
1000000000000000
0111111111111111
0111111111111111
0111111111111111
1000000000000000
1000000000000000
1000000000000000
1000000000000000
0111111111111111
0110111010011110
1000000000000000
1000000000000000
0100000110011011
1000000000000000
1000000000000000
1000000000000000
0111111111111111
1000000000000000
1000000000000000
1000000000000000
0111111111111111
0111111111111111
1000000000000000
1000000000000000
1101011010000001
1000000000000000
0111111111111111
1011101110100000
0111111111111111
0111111111111111
1000000000000000
0111111111111111
1000000000000000
0111111111111111
0111111111111111
1000000000000000
1000000000000000
0111111111111111
1000000000000000
1000000000000000
0101000010010110
1000000000000000
1000000000000000
0101100101111001
1000000000000000
0111111111111111
1000000000000000
0111111111111111
0111111111111111
1000000000000000
1000000000000000
1000000000000000
1000000000000000
0111111111111111
1000000000000000
0100000101101111
1000000000000000
1010000100101001
1000000000000000
1000000000000000
0111111111111111
0111111111111111
0111111111111111
0111111111111111
0111111111111111
1000000000000000
0111111111111111
1000000000000000
1000000000000000
1000000000000000
1000000000000000
1000000000000000
0111111111111111
0111111111111111
1000000000000000
