0000000000000010
0000000000000000
1111111111111100
0000000000000000
0000000000001000
1111111111111100
1111111111111100
1111111111111101
0000000000001001
0000000000010000
0000000000000001
0000000000000010
0000000000000110
0000000000000000
0000000000000011
1111111111111000
0000000000000011
1111111111111010
0000000000001101
0000000000000110
0000000000000101
0000000000001101
0000000000000101
0000000000000001
1111111111111000
1111111111111001
1111111111110110
0000000000000001
1111111111111011
0000000000000110
1111111111110101
1111111111111010
0000000000000111
1111111111111111
0000000000001010
0000000000010100
0000000000000010
0000000000000100
0000000000000001
1111111111111001
0000000000000100
0000000000000000
0000000000000001
1111111111111000
1111111111110101
1111111111111111
0000000000000010
1111111111110110
0000000000000010
0000000000000000
0000000000000100
1111111111111010
1111111111111100
1111111111111110
1111111111111010
1111111111111000
0000000000000100
1111111111111101
1111111111110100
1111111111111111
1111111111111111
0000000000000010
0000000000000010
1111111111101110
0000000000010000
0000000000000100
0000000000000001
0000000000000100
1111111111111111
1111111111101100
1111111111111110
0000000000000111
0000000000001000
1111111111111110
1111111111111100
1111111111111011
0000000000000001
0000000000000101
0000000000001111
0000000000000101
0000000000000110
1111111111111111
1111111111111011
0000000000000011
0000000000000111
0000000000000101
1111111111110100
1111111111111001
0000000000000001
0000000000000001
0000000000000101
0000000000000001
1111111111111110
1111111111110101
1111111111110110
1111111111111011
1111111111101100
1111111111111100
0000000000000110
1111111111111110
1111111111110111
0000000000000000
1111111111111100
0000000000000000
0000000000000010
1111111111111110
0000000000000100
1111111111101101
0000000000000001
1111111111111001
1111111111111111
0000000000000111
0000000000001011
1111111111111101
1111111111110011
0000000000001110
1111111111111100
0000000000000010
1111111111110111
1111111111110010
0000000000000100
1111111111111100
0000000000000001
0000000000000101
0000000000000100
0000000000000101
1111111111110100
0000000000000001
0000000000001100
0000000000000010
0000000000000001
1111111111111000
1111111111110001
1111111111111001
0000000000000000
0000000000001000
1111111111111110
0000000000001101
1111111111111110
0000000000000001
1111111111111100
1111111111111111
1111111111110111
0000000000000110
0000000000001011
0000000000000100
1111111111111100
0000000000000000
1000000000000000
1000000000000000
0010101010101111
0111111111111111
0111111111111111
1000000000000000
1000000000000000
1000000000000000
1000000000000000
0111111111111111
0111111111111111
1000000000000000
1000000000000000
1000000000000000
0111111111111111
0111111111111111
0111111111111111
0111111111111111
0111111111111111
1001010110010110
1000000000000000
0111111111111111
1000000000000000
0111111111111111
0100011000100010
0111111111111111
0111111111111111
0111111111111111
1000000000000000
1000000000000000
0111111111111111
0111111111111111
1000000000000000
1000000000000000
0111111111111111
1000000000000000
1000000000000000
1001011000001101
0111111111111111
0111111111111111
0111111111111111
0111111111111111
1000000000000000
0111111111111111
1000000000000000
1000000000000000
0111111111111111
0111111111111111
1000000000000000
0111111111111111
0111111111111111
1000000000000000
0111111111111111
1000000000000000
1000000000000000
1000000000000000
0111111111111111
1000000000000000
0111111111111111
0111110100111110
1000000000000000
1000000000000000
0111111111111111
1000000000000000
0111111111111111
0111111111111111
0111111111111111
1000000000000000
1000000000000000
0111111111111111
1000000000000000
1000000000000000
0111111111111111
0111111111111111
1000000000000000
0111111111111111
0111111111111111
0111111111111111
0111111111111111
1000000000000000
1000000000000000
0111111111111111
0111111111111111
0111111111111111
0111111111111111
1011011101000110
0111111111111111
0111111111111111
1000000000000000
1000000000000000
0111111111111111
0111111111111111
0111111111111111
0111111111111111
1000000000000000
1101001111001001
1000000000000000
1000000000000000
1000000000000000
1000000000000000
0111111111111111
1000000000000000
1000000000000000
0111111111111111
0111111111111111
0111111111111111
1000000000000000
0111111111111111
1010000001010101
1000000000000000
0111111111111111
1000000000000000
0111111111111111
1000000000000000
1000000000000000
0111001010111011
0100010011001110
0111111111111111
0011100000001011
0111111111111111
1000000000000000
1000000000000000
0010010110011110
0111111111111111
1110011000100010
1000000000000000
0101110101010001
0111111111111111
1000000000000000
0111111111111111
1000000000000000
0101010101010100
0111111111111111
1110000011110000
0111111111111111
1000000000000000
1000000000000000
1000000000000000
1000000000000000
1000000000000000
0111111111111111
0111111111111111
1000000000000000
0111111111111111
0111111111111111
0111111111111111
1000000000000000
1000000000000000
0111111111111111
1000000000000000
1000000000000000
1000000000000000
1000000000000000
0111111111111111
0111111111111111
0111111111111111
0000000111110101
1000000000000000
1000000000000000
0111111111111111
0111111111111111
1000000000000000
1000000000000000
0111111111111111
1000000000000000
1000000000000000
0111111111111111
0111111111111111
0111111111111111
0111111111111111
0111111111111111
0111111111111111
0111111111111111
1000000000000000
1000000000000000
1000000000000000
1000000000000000
1000000000000000
0111111111111111
0111111111111111
0100110010111001
0111111111111111
1000000000000000
1000000000000000
0111111111111111
1000000000000000
0111111111111111
0111111111111111
0111111111111111
0111111111111111
1000000000000000
1001111111110011
0111111111111111
1000000000000000
0111111111111111
1000000000000000
1111010110100110
0111111111111111
1000000000000000
1000000000000000
1000000000000000
0111111111111111
0111111111111111
1000000000000000
1000000000000000
0100101111111001
1000000000000000
1000000000000000
1000000000000000
0110010100100110
1000000000000000
1000000000000000
1000000000000000
1000000000000000
1000000000000000
0111111111111111
0111111111111111
0111111111111111
0011101001010011
1000000000000000
0111111111111111
0111111111111111
0111111111111111
0111111111111111
1000000000000000
0111111111111111
0111010111000011
1000000000000000
0100110110011101
1000000000000000
0111111111111111
0111111111111111
0111111111111111
1001111100011111
0111111111111111
1000000000000000
0111111111111111
1000000000000000
0111111111111111
0001111011011110
0111111111111111
0111111111111111
0111111111111111
1000000000000000
1000000000000000
1000000000000000
0111111111111111
1000000000000000
0111111111111111
1000000000000000
1000000000000000
1000000000000000
1000000000000000
1000000000000000
1000000000000000
1000000000000000
0101010101011000
1010101010100111
1000000000000000
1000000000000000
1110000011111000
0111111111111111
1000000000000000
0111111111111111
1000000000000000
0111111111111111
1000000000000000
1000000000000000
0111111111111111
1000000000000000
0111111111111111
1000000000000000
1000000000000000
0100011110011010
0111111111111111
0111111111111111
0111111111111111
1000000000000000
1000000000000000
0111111111111111
1000000000000000
1000100000011111
0111111111111111
1000000000000000
1000100010101110
1000000000000000
0111111111111111
0111111111111111
1000000000000000
1111010001011100
1000000000000000
0111111111111111
0111111111111111
1000000000000000
1000000000000000
0111111111111111
0111111111111111
1000000000000000
0011111000101011
1000000000000000
1000000000000000
1000000000000000
0111111111111111
0111111111111111
1000000000000000
0111111111111111
0111111111111111
1000000000000000
0111111111111111
1000000000000000
1000000000000000
0111111111111111
0111111111111111
1000000000000000
0111111111111111
1000000000000000
0111111111111111
1001111010110111
1000000000000000
1000000000000000
1000000000000000
0111111111111111
0101010101001011
0111111111111111
1000000000000000
1001011111000110
1000000000000000
0111010001100110
0111111111111111
0111111111111111
1100011001111010
0111111111111111
1000000000000000
1000000000000000
0111111111111111
0111111111111111
0111111111111111
1000000000000000
0111111111111111
0111111111111111
0111111111111111
1001011101000101
1000000000000000
1000000000000000
1000000000000000
1000000000000000
1000000000000000
0111111111111111
0111111111111111
0111111111111111
0111111111111111
1000000000000000
1000000000000000
1000000000000000
0111111111111111
0111111111111111
0111111111111111
1000000000000000
1001101011100011
0111111111111111
1000000000000000
0111111111111111
0111111111111111
0111111111111111
0100010101001010
1000000000000000
0111111111111111
1000000000000000
1000000000000000
1000000000000000
1000000000000000
0111111111111111
1010011101100111
0111111111111111
1000000000000000
1000000000000000
1000000000000000
1000000000000000
0111111111111111
1000000000000000
1000000000000000
0111111111111111
0100111100101011
0111111111111111
1000000000000000
0111111111111111
0111111111111111
1000000000000000
1000000000000000
1101100001100011
1000000000000000
0111111111111111
0111111111111111
1000000000000000
0111111111111111
0111111111111111
0111111111111111
0111111111111111
0111111111111111
0111111111111111
1000000000000000
1101101011010100
0111111111111111
0100100111001111
1000000000000000
1101010011000110
1000000000000000
0111111111111111
0111111111111111
0111111111111111
0111111111111111
0111111111111111
0101010100000010
0111111111111111
1000000000000000
1000000000000000
0111111111111111
1000000000000000
0001100000000110
0111111111111111
0111111111111111
1000000000000000
1000000000000000
0111111111111111
1000000000000000
1010111001011001
1000000000000000
1000000000000000
1011001000011010
1000000000000000
0111111111111111
1101000100111011
1000000000000000
1000000000000000
1000000000000000
0111111111111111
0111111111111111
0111111111111111
1000000000000000
1000000000000000
1110111000111101
0111111111111111
1000000000000000
0111111111111111
1000000000000000
0111111111111111
0111111111111111
0000100010100100
1000000000000000
1000000000000000
0111111111111111
1000000000000000
1000000000000000
0111111111111111
1000100100100100
1000000000000000
1000000000000000
1000000000000000
0111111111111111
1000000000000000
0111111111111111
0111111111111111
1000000000000000
0000100000100111
0111111111111111
0111111111111111
0111111111111111
1000000000000000
1110001001111110
1000000000000000
0111111111111111
0111111111111111
1000000000000000
0111111111111111
1000000000000000
0111111111111111
0111111111111111
0111111111111111
0111111111111111
0111111111111111
1110111100000110
1000000000000000
0111111111111111
0111111111111111
1000000000000000
1000000000000000
1000000000000000
1000000000000000
0111111111111111
0111111111111111
1000000000000000
0111111111111111
1000000000000000
0111111111111111
0111111111111111
1000000000000000
0111111111111111
1000000000000000
1000000000000000
1000000000000000
0111111111111111
0111111111111111
0111111111111111
0111111111111111
1110110000011010
1000000000000000
0111111111111111
0111111111111111
0111111111111111
1000000000000000
1000000000000000
1000000000000000
1000000000000000
1000000000000000
0111111111111111
0111111111111111
0111111111111111
1000000000000000
0111111111111111
0111111111111111
1000000000000000
0111111111111111
0111111111111111
1000000000000000
0111111111111111
0111111111111111
0111111111111111
0111111111111111
1000000000000000
1000000000000000
0111111111111111
1000000000000000
1000000000000000
0111111111111111
0111111111111111
0111111111111111
0111111111111111
1011100001111001
1000000000000000
0111111111111111
1000000000000000
1000000000000000
0111111111111111
1011000100111001
1000000000000000
1000000000000000
1000000000000000
1000000000000000
0111111111111111
0111111111111111
0110111110101110
1000000000000000
0111111111111111
1100011011010011
1000000000000000
0111111111111111
1000000000000000
0111111111111111
1000000000000000
0111111111111111
0111111111111111
0111111111111111
0100110001111011
0111111111111111
1000000000000000
0111111111111111
1000000000000000
1000000000000000
0111111110000011
0111111111111111
0111111111111111
0111111111111111
0111111111111111
0111111111111111
0000101111001110
1000000000000000
1000000000000000
1000000000000000
1010101010110110
1000000000000000
1000000000000000
0111111111111111
0111111111111111
1000000000000000
1000000000000000
0101000011011110
0111111111111111
1000000000000000
1000000000000000
1000000000000000
1000000000000000
0111111111111111
0111111111111111
0111111111111111
1000000000000000
0110110111100111
1000000000000000
1000000000000000
0111111111111111
0111111111111111
0111111111111111
1011111000000100
0111111111111111
1000000000000000
1000000000000000
1000000000000000
1000000000000000
0111111111111111
1000000000000000
1000000000000000
0111111111111111
1000000000000000
1000000000000000
1000000000000000
0111111111111111
1000000000000000
0100101110001100
1000000000000000
0111111111111111
0111111111111111
0011100100010010
1000000000000000
1000000000000000
0111111111111111
1000000000000000
0111111111111111
0111111111111111
0111111111111111
1000000000000000
0111111111111111
0111111111111111
0001000111011110
1000000000000000
0111111111111111
0111111111111111
1000000000000000
0111111111111111
1011110001101010
1000000000000000
1000000000000000
1000000000000000
1000000000000000
1000000000000000
0111111111111111
0101111110100010
1000000000000000
0111111111111111
1110111110001101
1000000000000000
0111111111111111
0111111111111111
0111111111111111
1101011111101000
0111111111111111
1000000000000000
1000000000000000
0111111111111111
1000000000000000
0111111111111111
1000000000000000
0111111111111111
0111111111111111
0111111111111111
0111111111111111
0111111111111111
1000000000000000
1000000000000000
1000000000000000
1000000000000000
0111111111111111
1000000000000000
1000000000000000
1000000000000000
0111111111111111
0111111111111111
1000000000000000
0111111111111111
0111111111111111
1000000000000000
0101110000110110
0101100100111111
1000000000000000
0001000110000101
0111111111111111
0111111111111111
1000000000000000
0011110001111101
0111111111111111
0111111111111111
1000000000000000
0111111111111111
1000000000000000
1000000000000000
1000000000000000
1000000000000000
0111111111111111
0111111111111111
1000010110011010
0111111111111111
1000000000000000
0111111111111111
1000000000000000
1000000000000000
1000000000000000
1000000000000000
1000000000000000
0101010101001100
0111111111111111
0111111111111111
0111111111111111
1000000000000000
1110001010111011
0111111111111111
0111111111111111
0111111111111111
0111111111111111
0111111111111111
0111111111111111
0111111111111111
1000000000000000
1000000000000000
0111111111111111
0111111111111111
1000000000000000
0100001111000111
0111111111111111
0111111111111111
1000000000000000
0001001100011010
0111111111111111
0111111111111111
1000000000000000
0111111111111111
0111111111111111
1000000000000000
0111111111111111
0111111111111111
0111111111111111
0111111111111111
1000000000000000
1000000000000000
0111111111111111
1000000000000000
0111111111111111
0111111111111111
1000000000000000
1000000000000000
0111111111111111
1000000000000000
1000000000000000
1011100001010110
1000000000000000
0111111111111111
0111111111111111
0111111111111111
1000000000000000
1000000000000000
0111111111111111
1000000000000000
1000000000000000
1000000000000000
1000000000000000
0111111111111111
1000000000000000
0111111111111111
0111111111111111
0111111111111111
1000000000000000
1000000000000000
0111111111111111
1000000000000000
0111111111111111
0111111111111111
0111111111111111
1000000000000000
0111111111111111
0111111111111111
1000000000000000
1001010100010000
0111111111111111
1000000000000000
1000000000000000
0111111111111111
1000000000000000
1000000000000000
1000000000000000
1000000000000000
1000000000000000
1000000000000000
0111111111111111
1000000000000000
1000000000000000
1000000000000000
1000000000000000
1000000000000000
0111111111111111
1000000000000000
0111111111111111
0111111111111111
0111111111111111
0111111111111111
1111100100100001
0110101010011111
1000000000000000
0111111111111111
0111111111111111
0111111111111111
0111111111111111
1000000000000000
1000000000000000
1000000000000000
0111111111111111
0111111111111111
0111111111111111
0000001010101100
0111111111111111
1000000000000000
0001110001100100
0111111111111111
1000000000000000
0111111111111111
0111111111111111
1000000000000000
0111111111111111
1000000000000000
0111111111111111
0111111111111111
0111111111111111
1000000000000000
0111111111111111
0111111111111111
0111111111111111
1111111111110000
0111111111111111
0111111111111111
0111111111111111
0111111111111111
1000000000000000
0111111111111111
0110111001001001
1000000000000000
0110001010110010
1000000000000000
0111111111111111
1000000000000000
1110001010101000
0111111111111111
0111111111111111
0111111111111111
0111111111111111
0111111111111111
1000000000000000
0111111111111111
0111111111111111
1000000000000000
1000000000000000
0111111111111111
1000000000000000
0111111111111111
0111111111111111
1000000000000000
1000000000000000
1000000000000000
1000000000000000
0111111111111111
1000000000000000
1000000000000000
0111111111111111
0111111111111111
1000000000000000
1000000000000000
0111111111111111
0111111111111111
1000000000000000
0111111111111111
0111111111111111
1000000000000000
0100010010000011
0111111111111111
1000000000000000
0111111111111111
0111111111111111
0111111111111111
0111111111111111
1000000000000000
0111111111111111
1000000000000000
0111111111111111
0111111111111111
0111111111111111
0111111111111111
1000000000000000
0111111111111111
0111111111111111
0111111111111111
0111111111111111
0111111111111111
0111111111111111
0111111111111111
0111111111111111
0011001000000001
0111111111111111
0111111111111111
0111111111111111
1011111011010100
1000000000000000
1000000000000000
1000000000000000
0111111111111111
0111111111111111
1110000101010010
0111111111111111
0111111111111111
1000000000000000
0111111111111111
0111111111111111
0011110101101011
1000000000000000
0111111111111111
1000000000000000
1000000000000000
1000000000000000
1000000000000000
1000000000000000
1000000000000000
0111111111111111
0111111111111111
1000000000000000
1000000000000000
1000000000000000
1010000000111101
0111111111111111
1000000000000000
1000000000000000
1000000000000000
0111111111111111
0111111111111111
1110101110101111
0111111111111111
1000000000000000
1000000000000000
1000000000000000
0011010000011100
1000000000000000
0111111111111111
1000000000000000
0111111111111111
0111111111111111
0111111111111111
0111111111111111
1000000000000000
1000000000000000
1000000000000000
0111111111111111
0111111111111111
1000000000000000
0111111111111111
0111111111111111
1000000000000000
0111111111111111
1010101010100001
0111111111111111
0111111111111111
1000000000000000
1000000000000000
0111111111111111
0111111111111111
1000000000000000
1111010101000101
0111111111111111
1000000000000000
0111111111111111
0111111111111111
0111111111111111
1000000000000000
1000000000000000
1000000000000000
0111111111111111
1000000000000000
1000000000000000
1000000000000000
1000000000000000
1000000000000000
1000000000000000
0111111111111111
0111111111111111
0111111111111111
0111111111111111
0111111111111111
0111111111111111
0000111000011011
0111111111111111
0111111111111111
1000000000000000
0111111111111111
0111111111111111
1000000000000000
1000000000000000
1000000000000000
0111111111111111
0111111111111111
0111111111111111
1000000000000000
0010111010100110
1000000000000000
1000000000000000
1000000000000000
0110110101101001
1000000000000000
0111111111111111
0111111111111111
1000000000000000
0111111111111111
1000000000000000
0111111111111111
1000000000000000
0111111111111111
0111111111111111
0001001100100101
1000000000000000
1000000000000000
1000000000000000
0111111111111111
1000000000000000
0101010100111001
1000000000000000
1000000000000000
0111111111111111
0100101100000000
0111111111111111
0111111111111111
1000000000000000
1111110011010101
0001011111001111
1000000000000000
1000000000000000
1000000000000000
1001010010111010
1000000000000000
0111111111111111
0111101010101111
1000111000101010
1000000000000000
0111111111111111
1000000000000000
0111111111111111
1000000000000000
1000000000000000
0111111111111111
0111111111111111
1000000000000000
0111111111111111
0001111000001011
0111111111111111
0111111111111111
1000000000000000
0111111111111111
0111111111111111
0111111111111111
1000000000000000
0111111111111111
1000000000000000
1000000000000000
1000000000000000
1000000000000000
1000000000000000
0111111111111111
0111111111111111
0111111111111111
0111111111111111
1000000000000000
1001001011110011
0111111111111111
1000000000000000
0100001001111010
1011010101110100
0111111111111111
1000000000000000
0111111111111111
0111111111111111
1110100010011010
0111111111111111
0111111111111111
0001011010001101
1000000000000000
0111111111111111
0111111111111111
1000000000000000
1000000000000000
0101010101001101
1000000000000000
1000000000000000
1101110010110011
0111111111111111
0111111111111111
1000000000000000
1000000000000000
0110001000000001
1000000000000000
1000000000000000
0111111111111111
0111111111111111
1000000000000000
