00000000000000000000000
00000000000000000000000
00000000000000000000000
00000000000000000000000
00000000000000000000000
00000000000000000000000
00000000000000000000000
00000000000000000000000
00000000000000000000000
00000000000000000000000
00000000000000000000000
00000000000000000000000
00000000000000000000000
00000000000000000000000
00000000000000000000000
00000000000000000000000
00000000000000000000000
00000000000000000000000
00000000000000000000000
00000000000000000000000
00000000000000000000000
00000000000000000000000
00000000000000000000000
00000000000000000000000
00000000000000000000000
00000000000000000000000
00000000000000000000000
00000000000000000000000
00000000000000000000000
00000000000000000000000
00000000000000000000000
00000000000000000000000
00000000000000000000000
00000000000000000000000
00000000000000000000000
00000000000000000000000
00000000000000000000000
00000000000000000000000
00000000000000000000000
00000000000000000000000
00000000000000000000000
00000000000000000000000
00000000000000000000000
00000000000000000000000
00000000000000000000000
00000000000000000000000
00000000000000000000000
00000000000000000000000
00000000000000000000000
00000000000000000000000
00000000000000000000000
00000000000000000000000
00000000000000000000000
00000000000000000000000
00000000000000000000000
00000000000000000000000
00000000000000000000000
00000000000000000000000
00000000000000000000000
00000000000000000000000
00000000000000000000000
00000000000000000000000
00000000000000000000000
00000000000000000000000
00000000000000000000000
00000000000000000000000
00000000000000000000000
00000000000000000000000
00000000000000000000000
00000000000000000000000
00000000000000000000000
00000000000000000000000
00000000000000000000000
00000000000000000000000
00000000000000000000000
00000000000000000000000
00000000000000000000000
00000000000000000000000
00000000000000000000000
00000000000000000000000
00000000000000000000000
00000000000000000000000
00000000000000000000000
00000000000000000000000
00000000000000000000000
00000000000000000000000
00000000000000000000000
00000000000000000000000
00000000000000000000000
00000000000000000000000
00000000000000000000000
00000000000000000000000
00000000000000000000000
00000000000000000000000
00000000000000000000000
00000000000000000000000
00000000000000000000000
00000000000000000000000
00000000000000000000000
00000000000000000000000
00000000000000000000000
00000000000000000000000
00000000000000000000000
00000000000000000000000
00000000000000000000000
00000000000000000000000
00000000000000000000000
00000000000000000000000
00000000000000000000000
00000000000000000000000
00000000000000000000000
00000000000000000000000
00000000000000000000000
00000000000000000000000
00000000000000000000000
00000000000000000000000
00000000000000000000000
00000000000000000000000
00000000000000000000000
00000000000000000000000
00000000000000000000000
00000000000000000000000
00000000000000000000000
00000000000000000000000
00000000000000000000000
00000000000000000000000
00000000000000000000000
00000000000000000000000
00000000000000000000000
00000000000000000000000
00000000000000000000000
00000000000000000000000
00000000000000000000000
00000000000000000000000
00000000000000000000000
00000000000000000000000
00000000000000000000000
00000000000000000000000
00000000000000000000000
00000000000000000000000
00000000000000000000000
00000000000000000000000
00000000000000000000000
00000000000000000000000
00000000000000000000000
00000000000000000000000
00000000000000000000000
00000000000000000000000
00000000111111111101101
00010011101010101001011
00001100010101010100110
11111011000000000000110
00000100010011001100001
11111101101100110011111
11111001110111001010101
11111010110011100000111
11111011011111011000011
11111111000011111110001
11110111000101000100001
11111111101100111011111
11111111101001100100100
00000100110010011100110
11111011111100001011101
00000000111101001000101
11111110101010000001001
11111101100101011001111
00000001101010001011111
00001000110001000011001
00001000111010010001011
00000001101100001010011
00000011100000111100111
11111000100011010001011
00000101111110011011101
00000011101111000110101
00000001100000011110000
00000110110000101101010
11110111100111010010001
00000111110011100000001
11110111111111110101001
00000011111011111111001
00000111011100000001000
11111001100011110101100
11111100111110011110001
11110111001001010110111
11110001010011000111101
11111111001011010101101
00000011010101000011111
11111110011011011100011
11111001101110011001001
00000101100110110001101
11111011000111110000100
00000001000011011101110
11111000000000011001100
00000000101010011111110
00001011000011110110101
11111110101111100110001
00000000010011100100100
00000011110000100010110
11110110110011000001001
00000110110100101011001
11111100011101101111110
00000001101010000000100
00001110000111101101100
11111010101110000111110
11111110001001110100001
00000001010011010110011
00000110001010111111010
00000000101110001100010
11111010010111000110000
00000000100000001010010
11110110101101100000001
11111010000110001100101
11110101010101010011110
11111010101010101011010
00001101111111111111000
11110010000000000001000
11111110001001011111011
00001000100001001100011
11111000010000110011011
00000110011001110111111
00000100100110100001111
00000010001110011110011
11111100011111000101101
00000100101011111001101
00000000101100100010000
11111010010111001001000
11111000100100010011011
00000100011000000010001
11111110111000011100010
11111100110111010011110
11111011110000110101111
00000011010010101011001
00001100010101001100100
00000100101110011110000
00000000010001010100010
00000011110111101111010
11111111011000110111011
00000101000111011101111
00000000000111010010100
11110111011110011011110
11111001110001101001100
11111001001100000111100
00000011111010100100001
11110010010110111110011
11111010101001000001111
11111110110000101010011
00000010110011110000000
11111110000000001101010
00000110111000011100011
11111110010101100111111
11110101010001011111001
11101100110110110011001
11111011000110110100110
11111010101110110001010
11111110011010000100001
00000010001011000110011
00000100101010111100110
11111011110101100111010
11111000100100101101100
11111001100110101010000
11110111110011000110010
00001000010010110001010
11111001011111011001101
00000010011010000011011
11111111010101111010101
11111101001000110100101
00001001001011110011011
11111000010111011001111
11111010111100011110110
00001000101011010101000
00000100101101010111111
00000010011101001011011
00001000000010000000100
00001000101000101001110
11111100011001000100101
11111000110011010001001
00000011010101010011100
00000100101010101001110
11111010101010101011001
00001101010101010101001
11111000100010011110111
00000100110010110111111
00000011101100001011100
11111110111110100000010
00001011101110101011000
11111001011000000000010
00000000000001111111110
11111101100010000000000
11111010010001110110000
11110110011010000111010
11111101001111100000101
00001010000100100011001
00001000000000111000001
11111100001110001110011
11111010110111000011110
11110101111010011110110
11111110010100000000100
00000111111010111011010
11111011011001100000001
11111110101100010001001
00000000010111111110001
00000000001000110011101
11111011110110011000111
11111010001101011100011
00000000000101010110101
00000010011101110010011
11111110110000101001101
00001000000111100100011
11111000001000001110110
11111111011101111001110
00000001011001101001100
11111011100101110100000
11111100000110111111111
11111111100010101011001
00000010001010101111011
11110111100111010001101
00000010110111000100110
00000011101111010011100
00000001001101100100111
11111110011101011010111
11111101101011101001001
11111110011010110011011
11111111100100110101000
11111110101100110010100
00000101100001110100100
00001010111110100110100
11111011111110010010110
00000011011001111011110
11111111001011010011011
11110001110101011100011
00000111101001010110000
00000001011110100010110
00001000010000011101001
00000111111000010000001
11111101110101011000101
00000011111110001010101
00000000011000010010011
00001011100111001010101
11111100011011111111011
00000110010001101011001
11111101010101010011000
00001010101010101010000
00000000101010101010000
00000001111111111111100
11111101010000001010001
00000000000101001011011
11111011010111011110101
00000001111101110110011
11111110010011000000110
11111110110011101011110
11111010001010100100111
11111011011001011010001
11111101101010010000110
00000111111001101101100
00001010001101000011001
00000010111001101000001
00000001000100101101000
11111100101001010101010
00000011100011001010100
11111101010011011010110
00001110011011111010111
00000111111010100100001
11110100110001000110010
00000110010011110001010
11111101111000110010100
11111001010100101001110
00000000010000010100000
00000000001101100011110
00000111110000111011010
11110011011110111110000
00000111110011110111110
11111111111011100111000
11111110001010001001110
00000100100000101001110
11110111011101100100000
11111101010000010011100
11111111001110100111010
00000111101010000010110
11111010111000110000100
00000001100000100110100
00000001000101111100100
00000001010001110101100
11110111101001010100010
00000010111001001011110
00001001010101100011001
00000101100100011110011
11110001111110111001001
11111100110111011101011
11110111011010001110111
00000011011100111011011
11111101110011000000101
11111000110010111011001
11111100100101111101011
00000000110010001010111
11111000111111100110100
00001000001011001101010
11111111011000100001010
11111110001111111111010
00000001111001011101111
00000001010011011010101
11110011011000110110010
00000110100001100100100
11111110100000100100100
11110110101111100111110
11111111111111111101001
11111010101010101011011
11111110000000000000000
11111111010101010110000
11111100000101001011100
11111001010000001001100
00000010101111110101101
11111111111010110100111
00000110000100010001000
00000101011000011001110
00001111011001111010110
11111111110100000101000
00000001000001111100010
00000100010011011001010
00000100111000000000000
00000000011101010100000
11110010100010011000001
11111110111111010111001
11111010001000011101100
00000101100101000100010
00000111001100100011011
00000010000111100100101
11110111011110110100101
00000011010011000111011
00000000011100101011010
00000011100110111100100
11111100010110011111111
00000111011101010010011
11111111011110100000000
00000001011010010010000
11111011111110110111000
11110000100110010010000
00000101011111100010010
00000101011101110111010
11111000111100000100001
00000111101000100011111
00001100100001001011110
00000011111000001000110
11110101010111110000111
00000111110011100100001
00000010010010011101100
00000010111110000111100
00000000001010101010100
00000000111001000011100
00001010011011101000001
11111101010000100010101
00000110010110110100000
11111101001100101101010
00000000100111100000000
00000110011001011101100
11110000001000010011111
00000010110111101110101
00000011111000110111111
00001001101111110000111
11111110011100101010010
00000000110011000000000
11111001011010111100100
00000110010010001000010
00000001111101100110111
00000111011010101110111
11111111101010110110011
00001001001010111101111
11111100110100011000110
11111111101100010111100
00001000101010100111110
00000101111111111111010
00000110101010101010001
11111101010101010101111
11111010110111001011001
11111011110011100000011
00000010000101001011011
11111111010000001010001
00000011011110101101011
11111111001011111100011
00000100110001100000010
11111101111001001001100
11111111011001110111000
11111111011111011100110
00000110110011110000100
11111111101000010000010
11111110101100110010110
11111111011111001110110
00010010001100010010111
11111100110100011010001
11111001000010101100111
00000000111101001100101
11111011100110000111101
11111101001101010000011
11111100001001101110010
11111001001010101011000
11111011001111011100101
00000010001111011100101
00000111100011101110111
00001000111001010011111
00000101100100001101001
11110111001011011101101
00000010110000001110001
00000001001011101100011
11110111111011101011011
00000001101111000010001
00000001011110100010011
00001011011101111110011
00000000001101100010010
00000010000111011000000
11111111000111011101011
11111110011100100011101
00001101011011101100000
11111010011100100010100
11110100110010100111010
11111111001000001001110
00000011011010101000110
00000001000000111111110
11111110111011101101001
11111101110000101111101
00000011110111011010001
00001100110101000100001
11111011000111111000111
00001001100011100110011
11111111101010010100011
00000101110011111100011
11111111011111110100101
11111101001101001000011
11111111001100011100011
11111101011101001110001
11111110110011000011000
11111101110010011010000
00000010110010001010111
00001111101111000001101
00000101010101010011011
00000001010101010101001
11111010000000000000100
00000100101010101011100
11111101101001001010001
00000010010110110111001
11111110100101011111111
00000001011010100000011
11111011010110011001000
00000000011111010001000
00000011010000010100010
11111110001111010110110
00000110101011101011001
00001110100101010110111
00000011000111100110101
00000100111100101100011
00000010010100111010000
00000100011001001000000
00000000010111010011110
11111000100101111110110
00000101001111010111011
11111011111101100001011
00000001000011011010101
00001000101111000011001
11110111010111011110111
11111101010110101010001
11111000010011111110111
11111110110111110101101
11111001001001100101011
00000101101110001000101
11111111010111111111110
00000000100001000001110
00000000111000001110011
11111011000101101000111
00000001010011101000000
00000111110001001110110
00000011011000110010001
00000100010011000011011
00001011100010110010010
11111101101101010111010
11111110110101000100000
00000100011111101101110
11111010001100010101011
00000001101111001001011
00000011111001000101000
00000011111010001001110
11110110000011110100010
00000010001111010011100
11111110000111000010110
00000000001100110111010
00001010111010010000011
11111000101110000111101
11111111110111000010011
11111111001100100100011
11111101011000101010101
00000010010000110101101
11111010101100111011101
11111000010000111111011
11111101110010010011101
11111001011000011010011
11110001111100011011000
00000110000011100100010
00000011110101011010001
00000100000011010000101
11110101010101010011111
00000110101010101010001
11111111010101010101001
11111100101010101010111
00000111001011110110010
11111100110100001000110
11111111110011100000010
11111110110111001010110
00000000000110100101011
11111111010110000100101
11111000000100100101110
00001011001001011011010
00000100111101011100001
11111111110100100010111
00000110110010001001110
00000001110001001100010
11111110111000100011001
00000101101101110100101
00000101001000010001100
00001000011110101100110
11111001111011010100101
00000011101110100111101
11111101011011010101100
00001000000010101100010
00000101101011110011101
11110100000110111101001
00000101111001110001010
11111110000110000110100
00000110001001011011011
00001100100110111101011
11111000001000111101011
00000001111110101101011
11111001111011110100001
00000100101010011100001
00000110010001010111011
00000110010101110010011
00000001101100010101001
11111001001000101111101
00000100100011111100110
00000110000010111100100
00000001101001110100111
11110101000110110001101
11111111110000101111101
11111111100001010101011
00000000110001011101001
00000100110010000110101
11111100100111001101100
00000001110011110011010
00000000100100111011010
11111010101110100110100
11110001101100110100011
00000010011000001111011
11111111011100110010110
11110111111100001011010
00000100001001111101100
00000111100011000100000
11111001111101101110010
00001000011001011011100
11111110111100011100111
00000110101101001010111
00000100000010101110100
00010001111110001110100
00000001110010100010011
11111000010111110010001
00000101010101010011100
11111101010101010101010
00000111010101010101100
00001000101010101010110
00000101111101110110011
11111111010111011110101
00000000110111001010011
00000001110011011111101
00000011001011110011001
00000111111001100111101
11110101111111011100100
11110110111011001001110
11111101111100000010000
00000001100000101000110
00000101111010111100001
11111101010011000100001
11111011100001000010010
11111111101000011111000
00000001010111011001111
11111010011000011000111
11110110111011110100101
00000100000101000001101
00001000100000010110100
11111010111010110101010
11110111110010100001100
11111100111111010010010
00000110101101010001010
11111011011010001111000
00000101001010101101010
11111000101110110111100
00000000001011100011010
00000000010110111010000
11111111001100110000010
00001000010111111001010
11111110110001110100101
11110111111001110110011
11110100110110000011010
00000110101001010100000
00000000101001000010101
00000000111011010101101
11110110111111000110011
00000001110101010101001
00000011010110101111001
11111110100101001000111
11111010001011000010110
11111111001101110000110
11110100010110111011010
11111100001011110111110
00000100000000101111111
00000111100101100011101
11111101110110010001100
00000000101000011000000
11111011111011000011011
00000111100111010101001
11110010011101110001110
00001001000001100100110
00000000100110100010111
11111000010000010011111
11111111000000100010000
00000010100010110111110
11111111001000110110100
00000100001000101011100
00000011111011111111011
11111111111100001100001
00000000101010101000100
00001101111111111110100
11111010101010101010110
11111100000000000000010
00000110010110110101110
00000001101001001010000
00000111011101100001110
11111011001101001000100
11110101111001111001001
11111001011110011110011
11101110101010100100100
11110111010010011011000
00000110001000000100000
11111111010111100111000
11111100111111010010110
00000010110110010111010
11111011001011000001100
11111001100111001101100
00000001011100110110110
11110001000111100010110
00001001000101001111000
11111111100011010011000
11111000000011001101111
11111101010010111110101
11111101111101010010100
00000101111010100011110
11111101011010110101100
00001000111010101010110
00000010000000100011011
11111011000010110010001
00000011101100001101011
11111010011000011011101
11111100011100101011110
00000110111000110101010
00000001000110111000101
11111110000010000000011
00000110001100100000011
00000100101000000100101
00001001010011000011010
11111001011001111110110
00000100101111100010010
11111010101010010010110
00000101101111010101000
11111100011111000111000
00001001111011110010010
00001010101010001101110
11111110110011101001000
11111010111110000101000
00000001111100111111011
00000010010001111001001
00001010001010010010011
00000010000101110011101
11111101000101110110001
11111110010000010101111
00000000101011000010010
11110101101101001001010
11111111101010001000100
00000010010010011001010
11111100101001001100100
11111000101011110010010
11111110111011011101110
11111011011100011111000
11111101100001000101010
00000011111101011011100
00000011010101010010110
11111110000000000000100
11111001010101010101101
11111010101010101011001
11111111111010110101010
00000010101111110101000
11111110010110110101111
11111001101001001001111
00000000010010011100001
00000010100010100101011
11111101100110111110101
11111111100100000000011
11110111111011010010010
11111110110011101011000
11111111110100011101011
00000100000111001110111
11111111010110011010011
11111101111100010110001
11111010101100011111000
00001011110010000110100
11111000011001111111111
11111010100111110010001
00000110101100011111000
00000010100000011000000
11111000101010111010100
00000010111100001101110
11111010001001111110010
11111000000001100001100
00000010001010100000100
11111011010101110100010
00000110010010000110000
11111001000101101010010
11111111111001010101001
11111110100010101111011
00000011110110100111000
00000000100100101100100
00001000011101000000101
00000011001001100111001
00000001100111100111001
00001101011011110011001
11111001010111010001110
00001001101110101111010
11111101000110101101011
11111010110111001000101
11111100001001111010101
11111001001100001100001
00001000101100100111001
11111110101101010101001
11111111111010001101001
00000010110111100001011
00000001110111101100100
11111101010011111011100
11111010000111011100001
11111001101100000011001
00000111010011100100101
11111000111010010110101
11111010111111111011000
11111101011101011000010
00000011101111000111101
11110000100110001010101
11111010111111011011001
11111011100101010110111
11110011111001110111010
00001000000101011000010
00001001111111111101100
00000001111111111111110
11111101111111111111111
00000000101010101010111
11111111000111111100110
00001110001101011000000
11111010000111010101000
11111101111000101011010
00001010110101000101100
11111100101001010011010
11101110010101000010110
11111100110111001111100
00000001010100111011110
00000011100111011001100
11111001110101101010011
00001001001101111110011
11110101011111001000011
11111100001101111010001
11111000000011100101011
00000110100100000110001
11111001010010000101101
11110111100100010110101
11111000011000101001010
11111011110001100100100
00000010100101111101110
11110101100001100010000
00000111001100101001011
11111101001111001101011
11111101101010100000010
11111100001011001101100
11111100111001100110101
00000010000010101011001
11111110010100000011100
11111110011000100010110
00000011001111100011110
11111101100101111111000
11111100001000111001110
00000001111101111010010
11110101000000110100100
00000000111010001110100
11110101100111100001110
00000011011101101000010
11111001110101101000100
11111001001110111100000
00000110010001001101111
11111110110100000010101
00000011110111110001001
00000011111111111011111
00000010010101010001001
11111111001110000111001
00000001110111010001111
00000011001011000010011
00000010111000110001110
11111010001001011100100
11111100000110110110111
00000010101111110010011
00000100011110000111100
00000110001101110000110
00001100100011111100110
00000100110101100000000
00000110100110111010011
11111101110100001101011
11111010011011110101011
00001101001111110001111
00000011111111111101111
00000111111111111111111
00000001111111111111001
11111100101010101010101
00001010110101111001101
11110101001010000111101
00000010010110110110011
11111101101001001001111
11111011101000011100100
11111100111111001100110
00000110010110110000101
11111011101100010000001
00000001001101011000100
11110101100001100101100
00000000000011101000100
00000011111000000100100
11110101100101010000000
00000100100110100011000
11111110011111001011011
00000001111111101100001
11111100000100101001100
11110010101100001001110
00001011110111010011100
00000000000010100010110
00000101100100011100011
11110111000011001100111
00001000000011000011000
00001000001101010101110
00000100001000000000101
00001000000001010111101
11110101000111100110110
11111100100001101001000
11111110001111010010110
00000011011111011101110
00000111100011001100001
00000010100011101011011
00000110111010000111100
00001001101010010111000
11111100101111001110111
00001011010001010111101
11111110011111110000101
11111111000110100001111
00000000100011101011011
00001010011111100101101
11111011010000110011110
00000010101110000001100
00000010110100010000001
11111100110011010000001
00000110001111010101001
00000110011100011000101
11111111011111000011100
11111110101100001011110
00000111100111111101000
11111011101001010011100
11111111111110100000101
11111100100011111101111
11111111110101100010100
00000000100000001001000
00000001000100010101100
11111101100011100110000
00000001000010010110110
00000110100000100111110
00000110111001101000001
11111101010000011100011
11110101010101010011111
11111110101010101011001
11111101111111111111110
00001011010101010100110
00000000111010001100011
11111000011011001001111
11111001001101001001101
00000101011101100001101
11111000101110101101100
00000011010001010010000
11111000001111101100110
00000011110000010011010
11111100011110010011001
11111100110111000010001
00000010010111000000011
11110110111110010101111
00000101010010011101100
00000001110010010110100
00000100110000110110110
11111110110100111110110
00001000001100010001100
11111101110111001110110
00000101100001011000101
11111111000101110000101
00000000010010100101100
11110100100010110100100
00000010000111001101101
11111100110100101110111
11101110011010001111010
11111011100000101001100
11111111010000010010000
00000011000011011111110
11111110100000111010100
00000010110011001011000
00000110101000100111011
11111011111010100000001
11111100111101101011001
00000001000000101100011
11111011000000101101101
00001000011111000011111
00000100001101101100011
00000000100000110011011
00001110011111000101100
00000000010001101111110
00000001010011011110100
00000100001110000001000
00000000011001001101001
11101011111011010010011
00000101001001100101100
00000100001101001011100
00000000011000000011010
11110110011001001001110
11111101001001100110000
11111010100111111000000
11111010101010100011100
11110101111001010011100
11111011001110010110101
00000110001011100011011
11111101011111010100110
11111100000010000011110
11110100011101000011000
00000010111000010100010
00000101011010011010001
11111111110111101011001
00000001111111111110001
00001001111111111111111
00000010000000000000001
00000001111111111111011
00000001100111000000100
11111111101110010100110
00000010001010010110010
11111100100000010101000
11111001100001110110001
00001000111010001011001
11111100010011011010111
11111110100101111001011
11111110110100110011110
11110110011010011110000
00000100010110001001011
00000011101111111001011
00001000111001111000100
11111100110001100101110
11111100100100111010000
11110010110000010011010
00000010110110011001110
11111111111001100010110
00000111011000001100101
11110110001100100011011
00000011110011001111100
11111110000001001101000
11111111010010010001110
11111101000000100110010
11111100100011101010101
00000001001100110100101
00000111011111001001001
11111100101001000011001
00000011111011100100001
00000100100111011000001
00000110101101101101010
00000000001010101110000
11110100110000111010011
00000101011011000100101
00000011010100110110010
11111100001010011110010
00000000101111111010001
00000011110100010100111
11111100111010101100011
11111101101011011101101
00000011111011010111000
11111110111111111110000
11111110100000101100010
00000000111101100010110
00000110101000100000001
11110010010001011000101
11111111010101110011110
00000010000100000000100
11111011111000110111100
11111110110111110001000
00001001100110110000111
11110101000110001101101
11111100011110101110111
11111110100111111011001
00000010010000110010001
11111110101100100011111
00000011101001010010110
11101110101001101110000
11111011101101100111001
00000010001010000100001
11111101111111111101011
11111100101010101010101
11111110101010101010101
11111011111111111111111
00000001001000110101100
00000000001100011111110
00000010101000100001011
11111100000010001001111
11111100010100001000010
11110110111000001000100
00000111010101010011011
00001000001001000101011
11111011011011001111010
00000111111101001000000
11111000111100000010010
00000001000000111100000
00000101101110001010001
00000011011101001001001
00000010010001000001000
11111100111000011000110
00000110111000011100001
11111100110000101111101
11111011111101010100001
11111101011010000111001
00001011001001111110010
00001001000000001011110
11111010100101110001011
00000100001111011100001
11111111101101011000001
00000010110001100000011
00000111010011000011010
11111101111001010110110
00000001011110010101110
00000100111001011101110
11111100010111001000000
00000100011111100010100
00000010101010011111011
00000000000110110101101
00000000011000011111010
11111111101000111111110
00000011010111001001000
00001010000010100010010
00010010000100010001011
00000100001001000100111
00000100111100000110000
11111100110001101010010
11111101001001100010011
11111110001011000011111
11111100001110110010001
00001010110100011101101
11111010100110001000000
00000011000000110110010
00000100010011001111000
11111010101111100110010
11111110101100110111011
11111001110100101100011
11111100001111010110110
00000110101010100011000
11110101100101101100110
00000000100011101100000
00000011111001101110000
11111100101110011101110
11111111001010011000111
00001010111011011111111
00000011010101010011001
00000000101010101010001
11111100000000000000010
11111101010101010101000
11111110010000110010101
00001100011001110111001
00000110010110110110000
00000001101001001001110
11110101111010010000111
11111010100100110011011
11111011100011000011000
11100011111101111011010
00000111100111101111101
00000000110111010100001
11111000110100111101010
11111110101100000000100
00000000100000110011100
11111101110101000101000
11111001011100001101111
11110110110010100001101
00001110100110000100101
11111100001011110110101
11111101111011110110100
11111000101101100111010
00000110100111010001100
00000110110001001010100
11111100110110111011001
11111110000101010100011
11111111101011001111001
11111001111111010100011
00000011111000010000000
11111111011101110100000
00001001111100001011110
00000100000101011111100
11111000001010010100100
00000101010000101111010
11111011101010011010111
00000001001110001011111
00000111111011000110101
11111110110100111101101
11111000100010000001010
00000010110001011001110
11111101100001000101001
11111011001000100000011
00000000101000010001100
11111100110111000010000
11111110110001100010111
00000000101100101111001
11111110111011001000011
00000111100011111110111
11111110010111110001001
00000010101100111000101
00000010001000010101110
11111110010111001100000
11111110000011101000011
11111110010011110100111
11111010011100010101100
00000001010100001111010
11111110110101111100001
00000000100000101110101
11111100100000111101011
11111111010000100101001
11111101100110111111101
11110001110000001010011
00001000101010100111111
00000010000000000000011
00000100101010101011000
00001000101010101001110
00000110010100101011101
11111011000000101001011
00001001001001101101100
11111000001011100111100
11111001110010010110010
11111101010001010101010
11111011101111111111010
11111101001100010110010
00000101110101010010110
00000100001101101101100
11111010110111110100110
